matrix
          t0        t1        t2        t3  ...  t184  t185  t186  class
0   1.000000  0.758264  0.111570  0.000000  ...   0.0   0.0   0.0    0.0
1   0.908425  0.783883  0.531136  0.362637  ...   0.0   0.0   0.0    0.0
2   0.730088  0.212389  0.000000  0.119469  ...   0.0   0.0   0.0    0.0
3   1.000000  0.910417  0.681250  0.472917  ...   0.0   0.0   0.0    0.0
4   0.570470  0.399329  0.238255  0.147651  ...   0.0   0.0   0.0    0.0
5   1.000000  0.923664  0.656489  0.195929  ...   0.0   0.0   0.0    0.0
6   1.000000  0.797260  0.320548  0.043836  ...   0.0   0.0   0.0    0.0
7   0.909408  0.975610  0.533101  0.134146  ...   0.0   0.0   0.0    0.0
8   0.927803  0.866359  0.299539  0.000000  ...   0.0   0.0   0.0    0.0
9   1.000000  0.914230  0.473684  0.000000  ...   0.0   0.0   0.0    0.0
10  1.000000  0.758982  0.473054  0.193114  ...   0.0   0.0   0.0    1.0
11  1.000000  0.746556  0.088154  0.035813  ...   0.0   0.0   0.0    1.0
12  0.972840  0.728395  0.000000  0.037037  ...   0.0   0.0   0.0    1.0
13  1.000000  0.694444  0.238095  0.321429  ...   0.0   0.0   0.0    1.0
14  0.939815  0.791667  0.199074  0.000000  ...   0.0   0.0   0.0    1.0
15  0.955326  0.934708  0.529210  0.109966  ...   0.0   0.0   0.0    1.0
16  1.000000  0.785366  0.112195  0.126829  ...   0.0   0.0   0.0    1.0
17  0.994764  0.774869  0.123037  0.000000  ...   0.0   0.0   0.0    1.0
18  1.000000  0.509804  0.382353  0.269608  ...   0.0   0.0   0.0    1.0
19  1.000000  0.971235  0.458545  0.130288  ...   0.0   0.0   0.0    1.0
20  0.000000  0.041199  0.112360  0.146067  ...   0.0   0.0   0.0    2.0
21  1.000000  0.901786  0.760714  0.610714  ...   0.0   0.0   0.0    2.0
22  0.994200  1.000000  0.951276  0.903712  ...   0.0   0.0   0.0    2.0
23  0.984472  0.962733  0.663043  0.211180  ...   0.0   0.0   0.0    2.0
24  0.619217  0.489324  0.327402  0.110320  ...   0.0   0.0   0.0    2.0
25  1.000000  0.940419  0.816425  0.558776  ...   0.0   0.0   0.0    2.0
26  0.000000  0.022472  0.084894  0.167291  ...   0.0   0.0   0.0    2.0
27  0.000000  0.041758  0.114286  0.252747  ...   0.0   0.0   0.0    2.0
28  1.000000  0.901993  0.744186  0.508306  ...   0.0   0.0   0.0    2.0
29  0.000000  0.007299  0.066910  0.164234  ...   0.0   0.0   0.0    2.0
30  0.868114  1.000000  0.781302  0.355593  ...   0.0   0.0   0.0    3.0
31  1.000000  0.768025  0.420063  0.158307  ...   0.0   0.0   0.0    3.0
32  0.338858  0.478821  0.532228  0.523020  ...   0.0   0.0   0.0    3.0
33  1.000000  0.986641  0.654580  0.353053  ...   0.0   0.0   0.0    3.0
34  0.840909  0.926136  1.000000  0.973485  ...   0.0   0.0   0.0    3.0
35  1.000000  0.971429  0.790062  0.419876  ...   0.0   0.0   0.0    3.0
36  0.914019  0.983178  1.000000  0.644860  ...   0.0   0.0   0.0    3.0
37  1.000000  0.917419  0.680000  0.361290  ...   0.0   0.0   0.0    3.0
38  1.000000  0.900794  0.462302  0.208333  ...   0.0   0.0   0.0    3.0
39  0.871324  0.966912  1.000000  0.637868  ...   0.0   0.0   0.0    3.0
40  1.000000  0.869136  0.540741  0.316049  ...   0.0   0.0   0.0    4.0
41  0.736457  0.644217  0.534407  0.418741  ...   0.0   0.0   0.0    4.0
42  0.732174  0.620870  0.478261  0.339130  ...   0.0   0.0   0.0    4.0
43  1.000000  0.754476  0.473146  0.242967  ...   0.0   0.0   0.0    4.0
44  0.975553  0.910361  0.846333  0.772992  ...   0.0   0.0   0.0    4.0
45  0.937695  0.887850  0.835929  0.762201  ...   0.0   0.0   0.0    4.0
46  0.934283  0.893757  0.820372  0.765608  ...   0.0   0.0   0.0    4.0
47  0.779847  0.691128  0.579409  0.501643  ...   0.0   0.0   0.0    4.0
48  0.910995  0.858639  0.797120  0.743455  ...   0.0   0.0   0.0    4.0
49  0.943320  0.453441  0.522267  0.566802  ...   0.0   0.0   0.0    4.0

[50 rows x 188 columns]
matrix imputer
[[1.         0.75826448 0.11157025 ... 0.         0.         0.        ]
 [0.90842491 0.7838828  0.53113556 ... 0.         0.         0.        ]
 [0.73008847 0.21238938 0.         ... 0.         0.         0.        ]
 ...
 [0.77984667 0.69112813 0.57940853 ... 0.         0.         4.        ]
 [0.91099477 0.85863876 0.79712039 ... 0.         0.         4.        ]
 [0.94331986 0.45344129 0.52226722 ... 0.         0.         4.        ]]
matrix normalize
[[0.45708854 0.346594   0.05099748 ... 0.         0.         0.        ]
 [0.21640291 0.18673477 0.1265259  ... 0.         0.         0.        ]
 [0.30090956 0.08753733 0.         ... 0.         0.         0.        ]
 ...
 [0.14711644 0.13037988 0.10930421 ... 0.         0.         0.75459163]
 [0.12549889 0.11828631 0.10981152 ... 0.         0.         0.55104108]
 [0.18837617 0.09054992 0.10429411 ... 0.         0.         0.79877963]]
